# kaplan@pulsar:~/mwa/MandC$ psql -h mwa.mit.edu -U mwa 
# mwa=> select * from grid_points;
# retrieved 2012-05-02 by D Kaplan
#name  | number | azimuth  | elevation |   sigma    |                     delays                     
#------+--------+----------+-----------+------------+------------------------------------------------
 sweet |      0 |        0 |        90 |          0 | {0,0,0,0,0,0,0,0,0,0,0,0,0,0,0,0}
 sweet |      1 |        0 |   83.1912 | 1.2192e-08 | {3,3,3,3,2,2,2,2,1,1,1,1,0,0,0,0}
 sweet |      2 |       90 |   83.1912 | 1.2192e-08 | {0,1,2,3,0,1,2,3,0,1,2,3,0,1,2,3}
 sweet |      3 |      180 |   83.1912 | 1.2192e-08 | {0,0,0,0,1,1,1,1,2,2,2,2,3,3,3,3}
 sweet |      4 |      270 |   83.1912 | 1.2192e-08 | {3,2,1,0,3,2,1,0,3,2,1,0,3,2,1,0}
 sweet |      5 |       45 |    80.348 | 1.7243e-08 | {3,4,5,6,2,3,4,5,1,2,3,4,0,1,2,3}
 sweet |      6 |      135 |    80.348 | 1.7243e-08 | {0,1,2,3,1,2,3,4,2,3,4,5,3,4,5,6}
 sweet |      7 |      225 |    80.348 | 1.7243e-08 | {3,2,1,0,4,3,2,1,5,4,3,2,6,5,4,3}
 sweet |      8 |      315 |    80.348 | 1.7243e-08 | {6,5,4,3,5,4,3,2,4,3,2,1,3,2,1,0}
 sweet |      9 |        0 |   76.2838 | 2.4385e-08 | {6,6,6,6,4,4,4,4,2,2,2,2,0,0,0,0}
 sweet |     10 |       90 |   76.2838 | 2.4385e-08 | {0,2,4,6,0,2,4,6,0,2,4,6,0,2,4,6}
 sweet |     11 |      180 |   76.2838 | 2.4385e-08 | {0,0,0,0,2,2,2,2,4,4,4,4,6,6,6,6}
 sweet |     12 |      270 |   76.2838 | 2.4385e-08 | {6,4,2,0,6,4,2,0,6,4,2,0,6,4,2,0}
 sweet |     13 |  26.5651 |   74.6271 | 2.7263e-08 | {6,7,8,9,4,5,6,7,2,3,4,5,0,1,2,3}
 sweet |     14 |  63.4349 |   74.6271 | 2.7263e-08 | {3,5,7,9,2,4,6,8,1,3,5,7,0,2,4,6}
 sweet |     15 | 116.5651 |   74.6271 | 2.7263e-08 | {0,2,4,6,1,3,5,7,2,4,6,8,3,5,7,9}
 sweet |     16 | 153.4349 |   74.6271 | 2.7263e-08 | {0,1,2,3,2,3,4,5,4,5,6,7,6,7,8,9}
 sweet |     17 | 206.5651 |   74.6271 | 2.7263e-08 | {3,2,1,0,5,4,3,2,7,6,5,4,9,8,7,6}
 sweet |     18 | 243.4349 |   74.6271 | 2.7263e-08 | {6,4,2,0,7,5,3,1,8,6,4,2,9,7,5,3}
 sweet |     19 | 296.5651 |   74.6271 | 2.7263e-08 | {9,7,5,3,8,6,4,2,7,5,3,1,6,4,2,0}
 sweet |     20 | 333.4349 |   74.6271 | 2.7263e-08 | {9,8,7,6,7,6,5,4,5,4,3,2,3,2,1,0}
 sweet |     21 |       45 |   70.4075 | 3.4485e-08 | {6,8,10,12,4,6,8,10,2,4,6,8,0,2,4,6}
 sweet |     22 |      135 |   70.4075 | 3.4485e-08 | {0,2,4,6,2,4,6,8,4,6,8,10,6,8,10,12}
 sweet |     23 |      225 |   70.4075 | 3.4485e-08 | {6,4,2,0,8,6,4,2,10,8,6,4,12,10,8,6}
 sweet |     24 |      315 |   70.4075 | 3.4485e-08 | {12,10,8,6,10,8,6,4,8,6,4,2,6,4,2,0}
 sweet |     25 |        0 |   69.1655 | 3.6577e-08 | {9,9,9,9,6,6,6,6,3,3,3,3,0,0,0,0}
 sweet |     26 |       90 |   69.1655 | 3.6577e-08 | {0,3,6,9,0,3,6,9,0,3,6,9,0,3,6,9}
 sweet |     27 |      180 |   69.1655 | 3.6577e-08 | {0,0,0,0,3,3,3,3,6,6,6,6,9,9,9,9}
 sweet |     28 |      270 |   69.1655 | 3.6577e-08 | {9,6,3,0,9,6,3,0,9,6,3,0,9,6,3,0}
 sweet |     29 |  18.4349 |   67.9813 | 3.8556e-08 | {9,10,11,12,6,7,8,9,3,4,5,6,0,1,2,3}
 sweet |     30 |  71.5651 |   67.9813 | 3.8556e-08 | {3,6,9,12,2,5,8,11,1,4,7,10,0,3,6,9}
 sweet |     31 | 108.4349 |   67.9813 | 3.8556e-08 | {0,3,6,9,1,4,7,10,2,5,8,11,3,6,9,12}
 sweet |     32 | 161.5651 |   67.9813 | 3.8556e-08 | {0,1,2,3,3,4,5,6,6,7,8,9,9,10,11,12}
 sweet |     33 | 198.4349 |   67.9813 | 3.8556e-08 | {3,2,1,0,6,5,4,3,9,8,7,6,12,11,10,9}
 sweet |     34 | 251.5651 |   67.9813 | 3.8556e-08 | {9,6,3,0,10,7,4,1,11,8,5,2,12,9,6,3}
 sweet |     35 | 288.4349 |   67.9813 | 3.8556e-08 | {12,9,6,3,11,8,5,2,10,7,4,1,9,6,3,0}
 sweet |     36 | 341.5651 |   67.9813 | 3.8556e-08 | {12,11,10,9,9,8,7,6,6,5,4,3,3,2,1,0}
 sweet |     37 |  33.6901 |   64.6934 |  4.396e-08 | {9,11,13,15,6,8,10,12,3,5,7,9,0,2,4,6}
 sweet |     38 |  56.3099 |   64.6934 |  4.396e-08 | {6,9,12,15,4,7,10,13,2,5,8,11,0,3,6,9}
 sweet |     39 | 123.6901 |   64.6934 |  4.396e-08 | {0,3,6,9,2,5,8,11,4,7,10,13,6,9,12,15}
 sweet |     40 | 146.3099 |   64.6934 |  4.396e-08 | {0,2,4,6,3,5,7,9,6,8,10,12,9,11,13,15}
 sweet |     41 | 213.6901 |   64.6934 |  4.396e-08 | {6,4,2,0,9,7,5,3,12,10,8,6,15,13,11,9}
 sweet |     42 | 236.3099 |   64.6934 |  4.396e-08 | {9,6,3,0,11,8,5,2,13,10,7,4,15,12,9,6}
 sweet |     43 | 303.6901 |   64.6934 |  4.396e-08 | {15,12,9,6,13,10,7,4,11,8,5,2,9,6,3,0}
 sweet |     44 | 326.3099 |   64.6934 |  4.396e-08 | {15,13,11,9,12,10,8,6,9,7,5,3,6,4,2,0}
 sweet |     45 |        0 |    61.691 | 4.8769e-08 | {12,12,12,12,8,8,8,8,4,4,4,4,0,0,0,0}
 sweet |     46 |       90 |    61.691 | 4.8769e-08 | {0,4,8,12,0,4,8,12,0,4,8,12,0,4,8,12}
 sweet |     47 |      180 |    61.691 | 4.8769e-08 | {0,0,0,0,4,4,4,4,8,8,8,8,12,12,12,12}
 sweet |     48 |      270 |    61.691 | 4.8769e-08 | {12,8,4,0,12,8,4,0,12,8,4,0,12,8,4,0}
 sweet |     49 |  14.0362 |   60.7369 |  5.027e-08 | {12,13,14,15,8,9,10,11,4,5,6,7,0,1,2,3}
 sweet |     50 |  75.9638 |   60.7369 |  5.027e-08 | {3,7,11,15,2,6,10,14,1,5,9,13,0,4,8,12}
 sweet |     51 | 104.0362 |   60.7369 |  5.027e-08 | {0,4,8,12,1,5,9,13,2,6,10,14,3,7,11,15}
 sweet |     52 | 165.9638 |   60.7369 |  5.027e-08 | {0,1,2,3,4,5,6,7,8,9,10,11,12,13,14,15}
 sweet |     53 | 194.0362 |   60.7369 |  5.027e-08 | {3,2,1,0,7,6,5,4,11,10,9,8,15,14,13,12}
sweet |     54 | 255.9638 |   60.7369 |  5.027e-08 | {12,8,4,0,13,9,5,1,14,10,6,2,15,11,7,3}
 sweet |     55 | 284.0362 |   60.7369 |  5.027e-08 | {15,11,7,3,14,10,6,2,13,9,5,1,12,8,4,0}
 sweet |     56 | 345.9638 |   60.7369 |  5.027e-08 | {15,14,13,12,11,10,9,8,7,6,5,4,3,2,1,0}
 sweet |     57 |       45 |   59.8018 | 5.1728e-08 | {9,12,15,18,6,9,12,15,3,6,9,12,0,3,6,9}
 sweet |     58 |      135 |   59.8018 | 5.1728e-08 | {0,3,6,9,3,6,9,12,6,9,12,15,9,12,15,18}
 sweet |     59 |      225 |   59.8018 | 5.1728e-08 | {9,6,3,0,12,9,6,3,15,12,9,6,18,15,12,9}
 sweet |     60 |      315 |   59.8018 | 5.1728e-08 | {18,15,12,9,15,12,9,6,12,9,6,3,9,6,3,0}
 sweet |     61 |  26.5651 |    57.981 | 5.4526e-08 | {12,14,16,18,8,10,12,14,4,6,8,10,0,2,4,6}
 sweet |     62 |  63.4349 |    57.981 | 5.4526e-08 | {6,10,14,18,4,8,12,16,2,6,10,14,0,4,8,12}
 sweet |     63 | 116.5651 |    57.981 | 5.4526e-08 | {0,4,8,12,2,6,10,14,4,8,12,16,6,10,14,18}
 sweet |     64 | 153.4349 |    57.981 | 5.4526e-08 | {0,2,4,6,4,6,8,10,8,10,12,14,12,14,16,18}
 sweet |     65 | 206.5651 |    57.981 | 5.4526e-08 | {6,4,2,0,10,8,6,4,14,12,10,8,18,16,14,12}
 sweet |     66 | 243.4349 |    57.981 | 5.4526e-08 | {12,8,4,0,14,10,6,2,16,12,8,4,18,14,10,6}
 sweet |     67 | 296.5651 |    57.981 | 5.4526e-08 | {18,14,10,6,16,12,8,4,14,10,6,2,12,8,4,0}
 sweet |     68 | 333.4349 |    57.981 | 5.4526e-08 | {18,16,14,12,14,12,10,8,10,8,6,4,6,4,2,0}
 sweet |     69 |        0 |   53.6453 | 6.0962e-08 | {15,15,15,15,10,10,10,10,5,5,5,5,0,0,0,0}
 sweet |     70 |  36.8699 |   53.6453 | 6.0962e-08 | {12,15,18,21,8,11,14,17,4,7,10,13,0,3,6,9}
 sweet |     71 |  53.1301 |   53.6453 | 6.0962e-08 | {9,13,17,21,6,10,14,18,3,7,11,15,0,4,8,12}
 sweet |     72 |       90 |   53.6453 | 6.0962e-08 | {0,5,10,15,0,5,10,15,0,5,10,15,0,5,10,15}
 sweet |     73 | 126.8699 |   53.6453 | 6.0962e-08 | {0,4,8,12,3,7,11,15,6,10,14,18,9,13,17,21}
 sweet |     74 | 143.1301 |   53.6453 | 6.0962e-08 | {0,3,6,9,4,7,10,13,8,11,14,17,12,15,18,21}
 sweet |     75 |      180 |   53.6453 | 6.0962e-08 | {0,0,0,0,5,5,5,5,10,10,10,10,15,15,15,15}
 sweet |     76 | 216.8699 |   53.6453 | 6.0962e-08 | {9,6,3,0,13,10,7,4,17,14,11,8,21,18,15,12}
 sweet |     77 | 233.1301 |   53.6453 | 6.0962e-08 | {12,8,4,0,15,11,7,3,18,14,10,6,21,17,13,9}
 sweet |     78 |      270 |   53.6453 | 6.0962e-08 | {15,10,5,0,15,10,5,0,15,10,5,0,15,10,5,0}
 sweet |     79 | 306.8699 |   53.6453 | 6.0962e-08 | {21,17,13,9,18,14,10,6,15,11,7,3,12,8,4,0}
 sweet |     80 | 323.1301 |   53.6453 | 6.0962e-08 | {21,18,15,12,17,14,11,8,13,10,7,4,9,6,3,0}
 sweet |     81 |  11.3099 |   52.8056 | 6.2169e-08 | {15,16,17,18,10,11,12,13,5,6,7,8,0,1,2,3}
 sweet |     82 |  78.6901 |   52.8056 | 6.2169e-08 | {3,8,13,18,2,7,12,17,1,6,11,16,0,5,10,15}
 sweet |     83 | 101.3099 |   52.8056 | 6.2169e-08 | {0,5,10,15,1,6,11,16,2,7,12,17,3,8,13,18}
 sweet |     84 | 168.6901 |   52.8056 | 6.2169e-08 | {0,1,2,3,5,6,7,8,10,11,12,13,15,16,17,18}
 sweet |     85 | 191.3099 |   52.8056 | 6.2169e-08 | {3,2,1,0,8,7,6,5,13,12,11,10,18,17,16,15}
 sweet |     86 | 258.6901 |   52.8056 | 6.2169e-08 | {15,10,5,0,16,11,6,1,17,12,7,2,18,13,8,3}
 sweet |     87 | 281.3099 |   52.8056 | 6.2169e-08 | {18,13,8,3,17,12,7,2,16,11,6,1,15,10,5,0}
 sweet |     88 | 348.6901 |   52.8056 | 6.2169e-08 | {18,17,16,15,13,12,11,10,8,7,6,5,3,2,1,0}
 sweet |     89 |  21.8014 |   50.3239 | 6.5658e-08 | {15,17,19,21,10,12,14,16,5,7,9,11,0,2,4,6}
 sweet |     90 |  68.1986 |   50.3239 | 6.5658e-08 | {6,11,16,21,4,9,14,19,2,7,12,17,0,5,10,15}
 sweet |     91 | 111.8014 |   50.3239 | 6.5658e-08 | {0,5,10,15,2,7,12,17,4,9,14,19,6,11,16,21}
 sweet |     92 | 158.1986 |   50.3239 | 6.5658e-08 | {0,2,4,6,5,7,9,11,10,12,14,16,15,17,19,21}
 sweet |     93 | 201.8014 |   50.3239 | 6.5658e-08 | {6,4,2,0,11,9,7,5,16,14,12,10,21,19,17,15}
 sweet |     94 | 248.1986 |   50.3239 | 6.5658e-08 | {15,10,5,0,17,12,7,2,19,14,9,4,21,16,11,6}
 sweet |     95 | 291.8014 |   50.3239 | 6.5658e-08 | {21,16,11,6,19,14,9,4,17,12,7,2,15,10,5,0}
 sweet |     96 | 338.1986 |   50.3239 | 6.5658e-08 | {21,19,17,15,16,14,12,10,11,9,7,5,6,4,2,0}
 sweet |     97 |       45 |   47.8822 |  6.897e-08 | {12,16,20,24,8,12,16,20,4,8,12,16,0,4,8,12}
 sweet |     98 |      135 |   47.8822 |  6.897e-08 | {0,4,8,12,4,8,12,16,8,12,16,20,12,16,20,24}
 sweet |     99 |      225 |   47.8822 |  6.897e-08 | {12,8,4,0,16,12,8,4,20,16,12,8,24,20,16,12}
 sweet |    100 |      315 |   47.8822 |  6.897e-08 | {24,20,16,12,20,16,12,8,16,12,8,4,12,8,4,0}
 sweet |    101 |  30.9638 |   46.2671 | 7.1093e-08 | {15,18,21,24,10,13,16,19,5,8,11,14,0,3,6,9}
 sweet |    102 |  59.0362 |   46.2671 | 7.1093e-08 | {9,14,19,24,6,11,16,21,3,8,13,18,0,5,10,15}
 sweet |    103 | 120.9638 |   46.2671 | 7.1093e-08 | {0,5,10,15,3,8,13,18,6,11,16,21,9,14,19,24}
 sweet |    104 | 149.0362 |   46.2671 | 7.1093e-08 | {0,3,6,9,5,8,11,14,10,13,16,19,15,18,21,24}
 sweet |    105 | 210.9638 |   46.2671 | 7.1093e-08 | {9,6,3,0,14,11,8,5,19,16,13,10,24,21,18,15}
 sweet |    106 | 239.0362 |   46.2671 | 7.1093e-08 | {15,10,5,0,18,13,8,3,21,16,11,6,24,19,14,9}
 sweet |    107 | 300.9638 |   46.2671 | 7.1093e-08 | {24,19,14,9,21,16,11,6,18,13,8,3,15,10,5,0}
 sweet |    108 | 329.0362 |   46.2671 | 7.1093e-08 | {24,21,18,15,19,16,13,10,14,11,8,5,9,6,3,0}
 sweet |    109 |        0 |    44.656 | 7.3154e-08 | {18,18,18,18,12,12,12,12,6,6,6,6,0,0,0,0}
 sweet |    110 |       90 |    44.656 | 7.3154e-08 | {0,6,12,18,0,6,12,18,0,6,12,18,0,6,12,18}
 sweet |    111 |      180 |    44.656 | 7.3154e-08 | {0,0,0,0,6,6,6,6,12,12,12,12,18,18,18,18}
 sweet |    112 |      270 |    44.656 | 7.3154e-08 | {18,12,6,0,18,12,6,0,18,12,6,0,18,12,6,0}
 sweet |    113 |   9.4623 |   43.8504 | 7.4163e-08 | {18,19,20,21,12,13,14,15,6,7,8,9,0,1,2,3}
 sweet |    114 |  80.5377 |   43.8504 | 7.4163e-08 | {3,9,15,21,2,8,14,20,1,7,13,19,0,6,12,18}
 sweet |    115 |  99.4623 |   43.8504 | 7.4163e-08 | {0,6,12,18,1,7,13,19,2,8,14,20,3,9,15,21}
 sweet |    116 | 170.5377 |   43.8504 | 7.4163e-08 | {0,1,2,3,6,7,8,9,12,13,14,15,18,19,20,21}
 sweet |    117 | 189.4623 |   43.8504 | 7.4163e-08 | {3,2,1,0,9,8,7,6,15,14,13,12,21,20,19,18}
 sweet |    118 | 260.5377 |   43.8504 | 7.4163e-08 | {18,12,6,0,19,13,7,1,20,14,8,2,21,15,9,3}
 sweet |    119 | 279.4623 |   43.8504 | 7.4163e-08 | {21,15,9,3,20,14,8,2,19,13,7,1,18,12,6,0}
 sweet |    120 | 350.5377 |   43.8504 | 7.4163e-08 | {21,20,19,18,15,14,13,12,9,8,7,6,3,2,1,0}
 sweet |    121 |  18.4349 |   41.4255 | 7.7111e-08 | {18,20,22,24,12,14,16,18,6,8,10,12,0,2,4,6}
 sweet |    122 |  71.5651 |   41.4255 | 7.7111e-08 | {6,12,18,24,4,10,16,22,2,8,14,20,0,6,12,18}
 sweet |    123 | 108.4349 |   41.4255 | 7.7111e-08 | {0,6,12,18,2,8,14,20,4,10,16,22,6,12,18,24}
 sweet |    124 | 161.5651 |   41.4255 | 7.7111e-08 | {0,2,4,6,6,8,10,12,12,14,16,18,18,20,22,24}
 sweet |    125 | 198.4349 |   41.4255 | 7.7111e-08 | {6,4,2,0,12,10,8,6,18,16,14,12,24,22,20,18}
 sweet |    126 | 251.5651 |   41.4255 | 7.7111e-08 | {18,12,6,0,20,14,8,2,22,16,10,4,24,18,12,6}
 sweet |    127 | 288.4349 |   41.4255 | 7.7111e-08 | {24,18,12,6,22,16,10,4,20,14,8,2,18,12,6,0}
 sweet |    128 | 341.5651 |   41.4255 | 7.7111e-08 | {24,22,20,18,18,16,14,12,12,10,8,6,6,4,2,0}
 sweet |    129 |  38.6598 |   40.6123 | 7.8069e-08 | {15,19,23,27,10,14,18,22,5,9,13,17,0,4,8,12}
 sweet |    130 |  51.3402 |   40.6123 | 7.8069e-08 | {12,17,22,27,8,13,18,23,4,9,14,19,0,5,10,15}
 sweet |    131 | 128.6598 |   40.6123 | 7.8069e-08 | {0,5,10,15,4,9,14,19,8,13,18,23,12,17,22,27}
 sweet |    132 | 141.3402 |   40.6123 | 7.8069e-08 | {0,4,8,12,5,9,13,17,10,14,18,22,15,19,23,27}
 sweet |    133 | 218.6598 |   40.6123 | 7.8069e-08 | {12,8,4,0,17,13,9,5,22,18,14,10,27,23,19,15}
 sweet |    134 | 231.3402 |   40.6123 | 7.8069e-08 | {15,10,5,0,19,14,9,4,23,18,13,8,27,22,17,12}
 sweet |    135 | 308.6598 |   40.6123 | 7.8069e-08 | {27,22,17,12,23,18,13,8,19,14,9,4,15,10,5,0}
 sweet |    136 | 321.3402 |   40.6123 | 7.8069e-08 | {27,23,19,15,22,18,14,10,17,13,9,5,12,8,4,0}
 sweet |    137 |  26.5651 |   37.3163 | 8.1789e-08 | {18,21,24,27,12,15,18,21,6,9,12,15,0,3,6,9}
 sweet |    138 |  63.4349 |   37.3163 | 8.1789e-08 | {9,15,21,27,6,12,18,24,3,9,15,21,0,6,12,18}
 sweet |    139 | 116.5651 |   37.3163 | 8.1789e-08 | {0,6,12,18,3,9,15,21,6,12,18,24,9,15,21,27}
 sweet |    140 | 153.4349 |   37.3163 | 8.1789e-08 | {0,3,6,9,6,9,12,15,12,15,18,21,18,21,24,27}
 sweet |    141 | 206.5651 |   37.3163 | 8.1789e-08 | {9,6,3,0,15,12,9,6,21,18,15,12,27,24,21,18}
 sweet |    142 | 243.4349 |   37.3163 | 8.1789e-08 | {18,12,6,0,21,15,9,3,24,18,12,6,27,21,15,9}
 sweet |    143 | 296.5651 |   37.3163 | 8.1789e-08 | {27,21,15,9,24,18,12,6,21,15,9,3,18,12,6,0}
 sweet |    144 | 333.4349 |   37.3163 | 8.1789e-08 | {27,24,21,18,21,18,15,12,15,12,9,6,9,6,3,0}
 sweet |    145 |        0 |    33.912 | 8.5346e-08 | {21,21,21,21,14,14,14,14,7,7,7,7,0,0,0,0}
 sweet |    146 |       90 |    33.912 | 8.5346e-08 | {0,7,14,21,0,7,14,21,0,7,14,21,0,7,14,21}
 sweet |    147 |      180 |    33.912 | 8.5346e-08 | {0,0,0,0,7,7,7,7,14,14,14,14,21,21,21,21}
 sweet |    148 |      270 |    33.912 | 8.5346e-08 | {21,14,7,0,21,14,7,0,21,14,7,0,21,14,7,0}
 sweet |    149 |   8.1301 |   33.0368 | 8.6213e-08 | {21,22,23,24,14,15,16,17,7,8,9,10,0,1,2,3}
 sweet |    150 |       45 |   33.0368 | 8.6213e-08 | {15,20,25,30,10,15,20,25,5,10,15,20,0,5,10,15}
 sweet |    151 |  81.8699 |   33.0368 | 8.6213e-08 | {3,10,17,24,2,9,16,23,1,8,15,22,0,7,14,21}
 sweet |    152 |  98.1301 |   33.0368 | 8.6213e-08 | {0,7,14,21,1,8,15,22,2,9,16,23,3,10,17,24}
 sweet |    153 |      135 |   33.0368 | 8.6213e-08 | {0,5,10,15,5,10,15,20,10,15,20,25,15,20,25,30}
 sweet |    154 | 171.8699 |   33.0368 | 8.6213e-08 | {0,1,2,3,7,8,9,10,14,15,16,17,21,22,23,24}
 sweet |    155 | 188.1301 |   33.0368 | 8.6213e-08 | {3,2,1,0,10,9,8,7,17,16,15,14,24,23,22,21}
 sweet |    156 |      225 |   33.0368 | 8.6213e-08 | {15,10,5,0,20,15,10,5,25,20,15,10,30,25,20,15}
 sweet |    157 | 261.8699 |   33.0368 | 8.6213e-08 | {21,14,7,0,22,15,8,1,23,16,9,2,24,17,10,3}
 sweet |    158 | 278.1301 |   33.0368 | 8.6213e-08 | {24,17,10,3,23,16,9,2,22,15,8,1,21,14,7,0}
 sweet |    159 |      315 |   33.0368 | 8.6213e-08 | {30,25,20,15,25,20,15,10,20,15,10,5,15,10,5,0}
 sweet |    160 | 351.8699 |   33.0368 | 8.6213e-08 | {24,23,22,21,17,16,15,14,10,9,8,7,3,2,1,0}
 sweet |    161 |  33.6901 |   31.2488 |  8.792e-08 | {18,22,26,30,12,16,20,24,6,10,14,18,0,4,8,12}
 sweet |    162 |  56.3099 |   31.2488 |  8.792e-08 | {12,18,24,30,8,14,20,26,4,10,16,22,0,6,12,18}
 sweet |    163 | 123.6901 |   31.2488 |  8.792e-08 | {0,6,12,18,4,10,16,22,8,14,20,26,12,18,24,30}
 sweet |    164 | 146.3099 |   31.2488 |  8.792e-08 | {0,4,8,12,6,10,14,18,12,16,20,24,18,22,26,30}
 sweet |    165 | 213.6901 |   31.2488 |  8.792e-08 | {12,8,4,0,18,14,10,6,24,20,16,12,30,26,22,18}
 sweet |    166 | 236.3099 |   31.2488 |  8.792e-08 | {18,12,6,0,22,16,10,4,26,20,14,8,30,24,18,12}
 sweet |    167 | 303.6901 |   31.2488 |  8.792e-08 | {30,24,18,12,26,20,14,8,22,16,10,4,18,12,6,0}
 sweet |    168 | 326.3099 |   31.2488 |  8.792e-08 | {30,26,22,18,24,20,16,12,18,14,10,6,12,8,4,0}
 sweet |    169 |  15.9454 |   30.3331 | 8.8762e-08 | {21,23,25,27,14,16,18,20,7,9,11,13,0,2,4,6}
 sweet |    170 |  74.0546 |   30.3331 | 8.8762e-08 | {6,13,20,27,4,11,18,25,2,9,16,23,0,7,14,21}
 sweet |    171 | 105.9454 |   30.3331 | 8.8762e-08 | {0,7,14,21,2,9,16,23,4,11,18,25,6,13,20,27}
 sweet |    172 | 164.0546 |   30.3331 | 8.8762e-08 | {0,2,4,6,7,9,11,13,14,16,18,20,21,23,25,27}
 sweet |    173 | 195.9454 |   30.3331 | 8.8762e-08 | {6,4,2,0,13,11,9,7,20,18,16,14,27,25,23,21}
 sweet |    174 | 254.0546 |   30.3331 | 8.8762e-08 | {21,14,7,0,23,16,9,2,25,18,11,4,27,20,13,6}
 sweet |    175 | 285.9454 |   30.3331 | 8.8762e-08 | {27,20,13,6,25,18,11,4,23,16,9,2,21,14,7,0}
 sweet |    176 | 344.0546 |   30.3331 | 8.8762e-08 | {27,25,23,21,20,18,16,14,13,11,9,7,6,4,2,0}
 sweet |    177 |  23.1986 |   25.4582 | 9.2854e-08 | {21,24,27,30,14,17,20,23,7,10,13,16,0,3,6,9}
 sweet |    178 |  66.8014 |   25.4582 | 9.2854e-08 | {9,16,23,30,6,13,20,27,3,10,17,24,0,7,14,21}
 sweet |    179 | 113.1986 |   25.4582 | 9.2854e-08 | {0,7,14,21,3,10,17,24,6,13,20,27,9,16,23,30}
 sweet |    180 | 156.8014 |   25.4582 | 9.2854e-08 | {0,3,6,9,7,10,13,16,14,17,20,23,21,24,27,30}
 sweet |    181 | 203.1986 |   25.4582 | 9.2854e-08 | {9,6,3,0,16,13,10,7,23,20,17,14,30,27,24,21}
 sweet |    182 | 246.8014 |   25.4582 | 9.2854e-08 | {21,14,7,0,24,17,10,3,27,20,13,6,30,23,16,9}
 sweet |    183 | 293.1986 |   25.4582 | 9.2854e-08 | {30,23,16,9,27,20,13,6,24,17,10,3,21,14,7,0}
 sweet |    184 | 336.8014 |   25.4582 | 9.2854e-08 | {30,27,24,21,23,20,17,14,16,13,10,7,9,6,3,0}
 sweet |    185 |        0 |   18.4768 | 9.7539e-08 | {24,24,24,24,16,16,16,16,8,8,8,8,0,0,0,0}
 sweet |    186 |       90 |   18.4768 | 9.7539e-08 | {0,8,16,24,0,8,16,24,0,8,16,24,0,8,16,24}
 sweet |    187 |      180 |   18.4768 | 9.7539e-08 | {0,0,0,0,8,8,8,8,16,16,16,16,24,24,24,24}
 sweet |    188 |      270 |   18.4768 | 9.7539e-08 | {24,16,8,0,24,16,8,0,24,16,8,0,24,16,8,0}
 sweet |    189 |    7.125 |   17.0922 | 9.8298e-08 | {24,25,26,27,16,17,18,19,8,9,10,11,0,1,2,3}
 sweet |    190 |   82.875 |   17.0922 | 9.8298e-08 | {3,11,19,27,2,10,18,26,1,9,17,25,0,8,16,24}
 sweet |    191 |   97.125 |   17.0922 | 9.8298e-08 | {0,8,16,24,1,9,17,25,2,10,18,26,3,11,19,27}
 sweet |    192 |  172.875 |   17.0922 | 9.8298e-08 | {0,1,2,3,8,9,10,11,16,17,18,19,24,25,26,27}
 sweet |    193 |  187.125 |   17.0922 | 9.8298e-08 | {3,2,1,0,11,10,9,8,19,18,17,16,27,26,25,24}
 sweet |    194 |  262.875 |   17.0922 | 9.8298e-08 | {24,16,8,0,25,17,9,1,26,18,10,2,27,19,11,3}
 sweet |    195 |  277.125 |   17.0922 | 9.8298e-08 | {27,19,11,3,26,18,10,2,25,17,9,1,24,16,8,0}
 sweet |    196 |  352.875 |   17.0922 | 9.8298e-08 | {27,26,25,24,19,18,17,16,11,10,9,8,3,2,1,0}
 EOR1  |      0 |        0 |        90 |          0 | {0,0,0,0,0,0,0,0,0,0,0,0,0,0,0,0}
 EOR1  |      1 |       90 |   83.1912 |          0 | {0,1,2,3,0,1,2,3,0,1,2,3,0,1,2,3}
 EOR1  |      2 |      270 |   83.1912 |          0 | {3,2,1,0,3,2,1,0,3,2,1,0,3,2,1,0}
 EOR1  |      3 |       90 |   76.2838 |          0 | {0,2,4,6,0,2,4,6,0,2,4,6,0,2,4,6}
 EOR1  |      4 |      270 |   76.2838 |          0 | {6,4,2,0,6,4,2,0,6,4,2,0,6,4,2,0}
