# MWA absolute antenna positions in XYZ coords
#arrcen -2559454.08 5095372.14 -2849057.18
Tile01 -2559448.81 5095446.12 -2848931.95
Tile02 -2559395.03 5095481.70 -2848918.01
Tile03 -2559394.25 5095466.11 -2848946.03
Tile04 -2559404.72 5095446.86 -2848970.29
Tile05 -2559362.98 5095469.70 -2848967.42
Tile06 -2559363.33 5095451.45 -2848999.01
Tile07 -2559322.11 5095466.89 -2849008.23
Tile08 -2559349.80 5095433.43 -2849042.55
Tile09 -2559355.44 5095410.88 -2849076.56
Tile10 -2559312.71 5095398.38 -2849136.32
Tile11 -2559334.45 5095373.13 -2849161.71
Tile12 -2559358.34 5095364.34 -2849156.16
Tile13 -2559348.70 5095357.34 -2849176.82
Tile14 -2559374.82 5095355.74 -2849156.89
Tile15 -2559401.01 5095353.29 -2849138.35
Tile16 -2559409.56 5095337.86 -2849158.07
Tile17 -2559421.06 5095313.62 -2849191.10
Tile18 -2559455.30 5095324.56 -2849140.94
Tile19 -2559489.65 5095311.11 -2849133.64
Tile20 -2559547.78 5095285.53 -2849126.36
Tile21 -2559564.62 5095274.17 -2849131.51
Tile22 -2559565.17 5095298.44 -2849086.96
Tile23 -2559614.40 5095298.37 -2849041.84
Tile24 -2559610.08 5095302.26 -2849038.80
Tile25 -2559616.43 5095300.60 -2849035.95
Tile26 -2559556.31 5095336.29 -2849027.47
Tile27 -2559570.25 5095333.38 -2849019.90
Tile28 -2559546.31 5095355.77 -2849002.29
Tile29 -2559583.61 5095358.11 -2848964.50
Tile30 -2559512.01 5095386.19 -2848979.92
Tile31 -2559508.96 5095407.94 -2848944.62
Tile32 -2559493.29 5095439.80 -2848902.78
